12
0
0
0
0
0
0
0
0
0
0
0
0
0
0
0
0
0
0
0
0
0
1
0
0
0
0
0
0
28
9
0
0
0
0
0
0
0
0
0
0
48
34
0
0
0
0
0
0
0
145
150
0
0
0
0
0
0
0
0
13
32
0
0
0
0
0
0
0
0
0
0
0
0
0
0
0
0
0
0
0
122
117
147
128
147
117
128
128
128
148
135
138
132
134
125
128
128
128
128
115
116
134
133
129
128
128
128
123
128
135
133
155
133
143
128
128
128
128
152
167
137
157
147
128
128
128
128
128
175
135
211
212
152
128
128
128
128
128
128
202
142
241
128
128
128
128
128
128
128
128
128
128
128
128
128
128
128
128
128
128
128
277
256
256
256
256
257
256
256
256
330
304
330
309
291
303
258
256
256
252
273
277
262
265
268
249
256
256
256
255
281
260
265
258
252
254
256
256
251
254
264
264
265
267
256
256
256
256
256
273
259
298
259
271
256
256
256
256
256
256
260
261
370
256
256
256
256
256
256
256
256
299
256
256
256
256
256
256
256
256
256
256
501
384
384
384
384
384
384
384
384
502
428
394
401
430
413
384
384
384
412
430
387
424
461
443
408
384
384
381
391
388
402
400
386
398
384
384
384
365
373
382
385
383
390
380
384
384
376
370
381
381
389
389
383
382
384
384
384
384
384
387
399
415
385
384
384
384
384
384
384
384
459
384
384
384
384
384
384
384
384
384
384
512
512
512
512
512
512
512
512
512
512
512
512
512
512
512
512
512
512
598
596
516
512
590
530
563
512
512
529
543
562
536
552
544
547
529
512
512
516
518
525
524
529
529
512
512
512
507
491
503
510
509
514
506
512
512
512
512
506
512
507
532
517
512
512
512
512
512
512
512
512
512
512
512
512
512
512
512
512
512
512
512
640
640
640
640
640
640
640
640
640
640
640
640
640
640
640
640
640
640
641
653
640
640
640
640
640
640
640
640
726
721
729
682
640
708
640
640
640
662
670
691
689
667
691
657
640
640
640
636
646
654
652
654
651
640
640
640
640
640
636
639
639
642
640
640
640
640
640
640
640
640
643
640
640
640
640
640
640
640
640
640
640
768
768
768
768
768
768
768
768
768
768
768
768
768
768
768
768
768
768
768
768
768
768
768
768
768
768
768
768
768
769
768
768
768
768
768
768
768
768
845
836
838
768
768
768
768
768
768
806
802
799
832
795
784
768
768
768
768
765
774
780
780
779
768
768
768
768
768
768
768
768
758
768
768
768
768
768
768
768
768
768
768
896
896
896
896
896
896
896
896
896
896
896
896
896
896
896
896
896
896
896
896
896
896
896
896
896
896
896
896
896
896
896
896
896
896
896
896
896
896
896
896
896
896
896
896
896
896
896
896
896
896
910
896
896
896
896
896
896
896
900
902
909
907
896
896
896
896
896
896
896
896
903
896
896
896
896
896
896
896
896
896
896
1020
1020
1020
1020
1020
1020
1020
1020
1020
1020
1020
1020
1020
1020
1020
1020
1020
1020
1020
1020
1020
1020
1020
1020
1020
1020
1020
1020
1020
1020
1020
1020
1020
1020
1020
1020
1020
1020
1020
1020
1020
1020
1020
1020
1020
1020
1020
1020
1020
1020
1020
1020
1020
1020
1020
1020
1020
1020
1020
1020
1020
1020
1020
1020
1020
1020
1020
1020
1020
1020
1020
1020
1020
1020
1020
1020
1020
1020
1020
1020
1020
