4
128
256
384
517
659
768
896
1020
0
131
256
385
512
640
768
896
1020
0
128
256
387
512
640
768
896
1020
0
128
261
380
512
640
768
896
1020
0
128
256
384
512
642
770
896
1020
0
128
256
384
512
636
779
896
1020
0
128
256
384
512
640
769
899
1020
0
128
256
384
512
640
768
896
1020
0
128
256
384
512
640
768
896
1020
11
119
261
384
545
708
768
896
1020
0
123
275
402
521
675
776
896
1020
0
123
262
388
525
642
768
896
1020
0
128
267
376
517
650
783
896
1020
0
128
269
391
510
640
788
896
1020
0
128
256
387
511
634
773
898
1020
0
128
256
384
512
638
768
907
1020
0
128
256
384
512
640
768
896
1020
0
128
256
384
512
640
768
896
1020
0
128
256
384
512
641
768
896
1020
10
119
269
397
522
679
825
896
1020
0
132
264
391
518
655
797
896
1020
0
142
273
385
512
652
796
911
1020
0
175
261
386
514
640
781
945
1020
0
128
256
391
513
637
766
921
1020
0
128
256
384
512
639
768
897
1020
0
128
256
384
512
640
768
897
1020
0
128
256
384
512
640
768
896
1020
0
128
256
384
512
640
768
896
1020
4
126
254
384
525
647
768
896
1020
13
125
265
387
522
660
801
896
1020
0
161
267
383
510
643
798
944
1020
0
183
269
390
512
640
779
923
1020
0
173
303
388
511
636
763
912
1020
0
128
256
384
512
639
764
905
1020
0
128
256
384
512
640
768
897
1020
0
128
256
384
512
640
768
896
1020
0
128
256
384
512
640
768
896
1020
0
128
256
384
512
640
768
896
1020
12
153
259
384
514
641
791
896
1020
0
161
272
382
512
647
780
925
1020
0
162
279
388
509
631
776
923
1020
0
144
307
398
511
635
771
911
1020
0
128
256
398
512
638
762
898
1020
0
128
256
384
512
640
768
896
1020
0
128
256
384
512
640
768
896
1020
0
128
256
384
512
640
768
896
1020
0
128
256
384
512
640
768
896
1020
1
132
256
384
512
640
768
896
1020
0
176
268
388
512
640
783
896
1020
0
176
290
392
509
638
777
906
1020
0
128
301
398
514
633
766
909
1020
0
128
256
386
523
635
761
893
1020
0
128
256
384
512
640
768
894
1020
0
128
256
384
512
640
768
896
1020
0
128
256
384
512
640
768
896
1020
0
128
256
384
512
640
768
896
1020
0
128
256
384
512
640
768
896
1020
0
128
256
384
512
640
768
896
1020
0
128
289
388
513
640
768
896
1020
0
128
302
421
512
633
763
901
1020
0
128
256
405
518
642
761
893
1020
0
128
256
384
512
640
768
885
1020
0
128
256
384
512
640
768
896
1020
0
128
256
384
512
640
768
896
1020
0
128
256
384
512
640
768
896
1020
0
128
256
384
512
640
768
896
1020
0
128
256
384
512
640
768
896
1020
0
128
256
384
512
640
768
896
1020
0
128
256
384
512
637
768
896
1020
0
128
256
384
514
645
767
895
1020
0
128
256
384
512
640
768
889
1020
0
128
256
384
512
640
768
896
1020
0
128
256
384
512
640
768
896
1020
0
128
256
384
512
640
768
896
1020
0
128
256
384
512
640
768
896
1020
0
128
256
384
512
640
768
896
1020
0
128
256
384
512
640
768
896
1020
0
128
256
384
512
640
768
896
1020
0
128
256
384
512
640
768
896
1020
0
128
256
384
512
640
768
896
1020
0
128
256
384
512
640
768
896
1020
