2
0
0
0
3
12
0
0
0
126
133
128
133
128
128
128
128
128
274
256
256
266
256
256
256
256
256
384
384
404
391
384
384
384
384
384
512
512
512
512
512
513
513
512
512
640
640
640
640
640
656
661
640
640
768
768
768
768
768
768
774
783
768
896
896
896
896
896
896
896
896
896
1020
1020
1020
1020
1020
1020
1020
1020
1020
12
10
1
0
0
22
0
0
0
120
129
120
120
132
151
134
128
128
275
284
269
261
264
253
256
256
256
427
384
396
393
389
393
388
384
384
512
512
535
532
522
518
518
512
512
640
640
640
652
641
650
643
641
640
768
768
768
768
768
776
769
774
768
896
896
896
896
896
896
896
896
896
1020
1020
1020
1020
1020
1020
1020
1020
1020
2
0
0
0
0
0
0
0
0
125
135
131
124
136
144
168
128
128
260
276
268
265
257
266
271
256
256
384
404
387
383
383
387
393
390
384
512
541
512
530
519
517
516
525
512
640
640
640
648
642
655
641
647
640
768
768
768
768
768
768
769
783
768
896
896
896
896
896
896
896
902
896
1020
1020
1020
1020
1020
1020
1020
1020
1020
11
0
0
0
0
0
0
0
0
155
149
139
129
140
130
128
128
128
287
285
261
270
268
272
274
256
256
387
409
399
392
389
379
392
402
384
512
541
527
523
519
517
513
523
512
640
657
676
645
650
647
644
650
639
768
768
768
768
768
769
775
772
768
896
896
896
896
896
896
896
906
896
1020
1020
1020
1020
1020
1020
1020
1020
1020
0
0
0
0
0
0
0
0
0
128
128
128
128
128
128
128
128
128
293
285
256
256
262
260
269
256
256
402
400
398
400
394
390
396
390
384
512
535
524
526
519
511
512
524
512
640
644
673
659
657
645
640
644
640
768
768
768
784
768
776
777
769
768
896
896
896
896
896
896
896
896
896
1020
1020
1020
1020
1020
1020
1020
1020
1020
0
0
0
0
0
0
0
0
0
128
128
128
128
128
128
128
128
128
256
260
256
256
256
256
256
256
256
384
418
411
402
393
384
396
384
384
512
534
536
525
523
517
517
516
512
640
640
668
658
652
644
639
640
640
768
768
768
773
784
780
773
766
768
896
896
896
896
896
896
896
896
896
1020
1020
1020
1020
1020
1020
1020
1020
1020
0
0
0
0
0
0
0
0
0
128
128
128
128
128
128
128
128
128
256
256
256
256
256
256
256
256
256
384
384
384
384
384
384
384
384
384
512
512
538
525
521
512
512
512
512
640
640
669
668
653
651
645
642
640
768
768
768
781
776
781
772
769
768
896
896
896
896
896
896
896
896
896
1020
1020
1020
1020
1020
1020
1020
1020
1020
0
0
0
0
0
0
0
0
0
128
128
128
128
128
128
128
128
128
256
256
256
256
256
256
256
256
256
384
384
384
384
384
384
384
384
384
512
512
512
512
512
512
512
512
512
640
640
640
640
640
644
640
640
640
768
768
768
768
769
776
769
767
768
896
896
896
896
896
896
896
898
896
1020
1020
1020
1020
1020
1020
1020
1020
1020
0
0
0
0
0
0
0
0
0
128
128
128
128
128
128
128
128
128
256
256
256
256
256
256
256
256
256
384
384
384
384
384
384
384
384
384
512
512
512
512
512
512
512
512
512
640
640
640
640
640
640
640
640
640
768
768
768
768
768
768
768
768
768
896
896
896
896
896
896
896
896
896
1020
1020
1020
1020
1020
1020
1020
1020
1020
